100 100
9 17 3 24 23 5 6 10 12 14 23 9 8 15 23 19 1 9 15 4 8 4 10 19 10 22 11 20 1 9 22 8 8 15 7 20 9 26 8 18 19 5 23 24 13 12 12 8 5 3 10 4 23 4 4 12 18 8 20 26 5 1 2 6 7 26 24 9 13 2 26 26 3 9 16 19 25 19 3 18 10 11 3 7 15 21 9 21 5 13 23 13 2 17 6 10 8 21 21 8
2
2
3
68 211
1
2 16 19
2 18 26
3
115 166
2
2
3
177 210
3
142 322
2
1
5 20 9 10 20 15
6 2 16 10 22 14 4
3
98 311
3
100 236
3
203 254
1
1 6
3 23 4 22
1
3 5 20 11
2 12 25
3
212 435
1
3 5 15 14
7 7 5 24 20 24 12 24
3
391 413
1
1 9
3 24 10 26
3
441 445
3
442 450
3
432 432
1
2 24 9
3 21 4 19
3
84 108
1
5 21 17 23 7 4
1 9
1
5 5 17 17 11 12
6 2 12 16 4 16 19
1
3 20 7 22
2 7 16
1
4 9 18 10 10
6 4 10 12 5 23 7
3
372 400
3
371 381
1
1 3
6 12 5 15 24 15 3
1
5 5 6 9 23 4
8 1 13 16 8 5 26 13 11
3
373 382
3
242 374
3
290 366
3
31 117
1
3 7 10 10
5 17 26 4 8 19
3
77 125
3
253 414
1
3 9 25 12
1 22
3
249 267
3
231 431
1
4 1 20 4 26
8 25 11 5 18 26 2 25 11
1
3 11 14 8
6 3 6 9 21 8 18
1
3 19 4 21
6 10 18 2 14 25 7
3
422 436
1
1 2
7 12 16 24 3 15 5 3
3
121 313
1
4 15 18 21 10
2 1 7
3
220 408
1
1 26
3 3 24 14
1
5 7 10 17 2 3
1 18
1
4 19 7 6 5
8 25 17 22 16 1 24 1 21
3
421 438
1
3 24 14 10
5 12 8 12 16 5
3
455 465
1
5 21 10 23 18 5
3 11 4 6
1
2 4 16
6 15 20 13 10 9 1
3
193 217
1
4 11 8 1 15
6 20 25 8 22 25 23
1
1 21
5 3 2 23 2 9
1
4 11 24 1 5
3 4 3 13
1
4 16 23 26 25
8 16 11 1 1 9 21 20 14
1
4 26 25 21 11
4 15 2 1 4
3
158 272
1
2 13 13
8 22 19 12 12 11 20 2 4
3
230 295
3
278 294
3
466 466
3
113 130
1
1 13
8 6 26 10 13 6 3 5 6
1
1 13
6 23 11 1 23 24 10
1
4 16 23 19 5
5 16 8 24 10 24
1
2 22 26
8 23 16 6 13 13 22 23 18
1
3 8 10 5
1 20
3
412 415
3
15 301
3
474 486
1
2 13 23
5 13 2 8 24 9
3
155 293
1
1 4
1 19
3
60 278
1
4 15 2 7 9
8 8 11 16 7 19 7 17 13
1
3 26 6 11
6 1 26 12 26 20 12
1
4 19 19 22 22
4 10 22 4 9
3
411 434
1
1 18
6 5 17 21 4 9 18
3
432 440
1
4 12 10 20 9
3 8 13 18
1
1 9
7 13 2 20 17 9 9 11
3
69 305
1
1 21
1 16
3
92 106
3
344 460
1
4 23 4 25 17
2 5 25
1
4 5 20 16 3
5 25 22 19 16 11
3
426 434
3
361 408
1
4 24 7 24 18
1 8
