63
10 5
4 2
4 1
1 1
63 1
98 88
746 173
890 553
883 1000
1 1000
695 188
2060 697
70 3321
6358 1646
167959139 481199252
641009859 54748096
524125987 923264237
702209411 496813081
585325539 365329221
58376259 643910770
941492387 72235422
824608515 940751563
2691939 514300407
802030518 598196518
685146646 26521171
863230070 895037311
41313494 468586155
219396918 747167704
102513046 615683844
985629174 189232688
458679894 912524637
341796022 486073481
519879446 764655030
452405440 586588704
335521569 160137548
808572289 733686393
691688417 162011045
869771841 30527185
752887969 604076030
930971393 177624874
109054817 751173719
992170945 324722563
170254369 48014511
248004555 280013594
131120683 148529734
604171403 722078578
487287531 295627423
665370955 18919371
843454379 297500920
21537803 166017060
904653932 739565904
787770060 313114749
260820780 181630889
43603670 268405779
1000000000 1000000000
15000 1
1048576 1
1000000000 1
100000000 1
1000000 1
536870911 1
10009 1
10001 1